image_width: 752
image_height: 480
camera_name: bluefox 
camera_matrix:
  rows: 3
  cols: 3
  data: [500.668080, 0.000000, 379.193106, 0.000000, 501.087830, 231.337650, 0.000000, 0.000000, 1.000000]
distortion_model: plumb_bob
distortion_coefficients:
  rows: 1
  cols: 5
  data: [-0.459386, 0.189915, -0.001046, -0.001539, 0.000000]
rectification_matrix:
  rows: 3
  cols: 3
  data: [1.000000, 0.000000, 0.000000, 0.000000, 1.000000, 0.000000, 0.000000, 0.000000, 1.000000]
projection_matrix:
  rows: 3
  cols: 4
  data: [368.976501, 0.000000, 376.517319, 0.000000, 0.000000, 440.881866, 228.112421, 0.000000, 0.000000, 0.000000, 1.000000, 0.000000]
