image_width: 752
image_height: 480
camera_name: bluefox2
camera_matrix:
  rows: 3
  cols: 3
  data: [1647.053217, 0.000000, 367.053789, 0.000000, 1649.327087, 259.681597, 0.000000, 0.000000, 1.000000]
distortion_model: plumb_bob
distortion_coefficients:
  rows: 1
  cols: 5
  data: [-0.587606, 16.919582, 0.002606, 0.001526, 0.000000]
rectification_matrix:
  rows: 3
  cols: 3
  data: [1.000000, 0.000000, 0.000000, 0.000000, 1.000000, 0.000000, 0.000000, 0.000000, 1.000000]
projection_matrix:
  rows: 3
  cols: 4
  data: [1717.309692, 0.000000, 368.603184, 0.000000, 0.000000, 1719.530396, 259.047194, 0.000000, 0.000000, 0.000000, 1.000000, 0.000000]
