image_width: 752
image_height: 480
camera_name: narrow_stereo
camera_matrix:
  rows: 3
  cols: 3
  data: [366.887230, 0.000000, 356.915260, 0.000000, 366.761165, 253.633686, 0.000000, 0.000000, 1.000000]
distortion_model: plumb_bob
distortion_coefficients:
  rows: 1
  cols: 5
  data: [-0.236629, 0.047879, 0.000312, -0.001060, 0.000000]
rectification_matrix:
  rows: 3
  cols: 3
  data: [1.000000, 0.000000, 0.000000, 0.000000, 1.000000, 0.000000, 0.000000, 0.000000, 1.000000]
projection_matrix:
  rows: 3
  cols: 4
  data: [267.634277, 0.000000, 352.772244, 0.000000, 0.000000, 322.843842, 257.351336, 0.000000, 0.000000, 0.000000, 1.000000, 0.000000]
