image_width: 376
image_height: 240
camera_name: narrow_stereo
camera_matrix:
  rows: 3
  cols: 3
  data: [252.4920964804826, 0, 189.2077284290199, 0, 252.6713870001589, 140.7756154531889, 0, 0, 1]
distortion_model: plumb_bob
distortion_coefficients:
  rows: 1
  cols: 5
  data: [-0.4298892365007091, 0.1421332869141333, 0.0003090917469029071, -0.0003482531096668176, 0]
rectification_matrix:
  rows: 3
  cols: 3
  data: [1, 0, 0, 0, 1, 0, 0, 0, 1]
projection_matrix:
  rows: 3
  cols: 4
  data: [174.962158203125, 0, 188.9231598452898, 0, 0, 219.5230865478516, 146.1005662867365, 0, 0, 0, 1, 0]
